1 0.138672 0.099609 0.269531 0.191406
1 0.121094 0.369141 0.234375 0.261719
1 0.091797 0.648438 0.175781 0.257812
1 0.269531 0.810547 0.289062 0.316406
1 0.546875 0.837891 0.242188 0.316406
1 0.746094 0.945312 0.289062 0.101562
1 0.884766 0.708984 0.230469 0.308594
1 0.636719 0.582031 0.242188 0.226562
1 0.861328 0.451172 0.222656 0.207031
1 0.603516 0.335938 0.238281 0.242188
1 0.363281 0.507812 0.250000 0.250000
1 0.347656 0.228516 0.242188 0.269531
1 0.603516 0.091797 0.222656 0.175781
1 0.812500 0.210938 0.242188 0.242188
